item : 26.000000 , dim : 10 , time : 0.012114
item : 1.000000 , dim : 100 , time : 0.009698
item : 0.000000 , dim : 1000 , time : 0.007939
item : 0.000000 , dim : 10000 , time : 0.100427