item : 15.000000 , dim : 10 , time : 0.004450
item : 0.000000 , dim : 100 , time : 0.004231
item : 0.000000 , dim : 1000 , time : 0.002705
item : 0.000000 , dim : 10000 , time : 0.281081