item : 15.000000 , dim : 10 , time : 0.000001
item : 0.000000 , dim : 100 , time : 0.000030
item : 0.000000 , dim : 1000 , time : 0.003958
item : 0.000000 , dim : 10000 , time : 0.247873